100 778
1 10
1 22
1 2
1 3
1 94
1 43
2 99
2 30
2 88
2 8
2 10
2 48
2 97
2 57
3 50
3 31
3 97
3 89
3 71
3 57
3 10
3 22
3 94
3 1
3 90
3 43
3 8
3 2
3 15
3 79
4 69
4 27
4 80
4 62
4 13
4 91
4 70
5 13
5 29
5 83
5 15
5 76
6 21
6 84
6 31
6 54
6 95
7 17
7 11
7 54
7 83
7 24
7 20
7 55
8 57
8 43
8 2
8 16
8 94
8 15
8 49
8 71
9 93
9 45
9 3
9 75
9 79
9 48
10 22
10 18
10 100
10 94
10 36
11 17
11 73
11 30
11 61
11 66
12 10
12 33
12 84
12 56
12 99
12 74
12 54
13 28
13 6
13 16
13 75
13 5
13 42
13 82
13 72
13 54
13 49
13 62
13 63
13 34
13 38
13 84
13 21
13 47
13 26
13 44
14 79
14 92
14 9
14 81
14 59
14 58
14 96
14 40
15 49
15 28
15 34
15 44
15 63
15 39
15 65
15 53
15 99
15 13
16 30
16 85
16 61
16 80
16 70
17 85
17 78
17 84
17 54
17 83
17 73
18 77
18 71
18 38
18 43
18 67
19 2
19 28
19 97
19 100
19 89
19 90
19 1
19 60
19 79
19 31
19 77
19 43
19 3
19 10
19 22
19 94
19 85
20 84
20 33
20 86
20 82
20 40
20 28
20 73
20 52
20 54
20 77
20 99
20 58
21 87
21 84
21 54
21 11
21 6
22 71
22 94
22 50
22 89
22 55
22 84
22 69
23 16
23 70
23 91
23 59
23 8
23 30
23 69
23 28
23 98
23 6
23 4
23 80
23 36
23 65
23 68
23 55
23 51
23 27
24 17
24 6
24 37
24 56
24 84
24 99
24 32
25 45
25 93
25 75
25 36
25 96
25 9
26 31
26 49
26 76
26 42
26 53
26 47
26 30
26 28
26 46
27 69
27 78
27 95
27 62
27 68
28 15
28 99
28 44
28 3
28 45
28 34
28 11
29 41
29 34
29 62
29 49
29 44
29 86
29 99
30 62
30 67
30 83
30 69
30 54
30 6
31 97
31 60
31 49
31 2
31 100
31 72
31 46
31 88
31 10
31 57
31 90
31 64
31 77
31 19
31 35
31 82
31 63
32 17
32 58
32 87
32 56
32 43
32 7
33 54
33 85
33 32
33 74
33 43
33 52
34 42
34 83
34 47
34 41
34 28
34 49
34 82
34 13
34 99
34 66
34 5
35 94
35 40
35 10
35 22
35 19
36 30
36 62
36 80
36 74
36 65
36 40
36 20
37 17
37 20
37 7
37 74
37 60
38 49
38 39
38 26
38 15
38 99
39 99
39 63
39 44
39 28
39 5
40 21
40 12
40 56
40 54
40 74
40 87
40 11
40 86
40 72
40 37
40 6
41 39
41 49
41 29
41 72
41 5
41 28
41 53
42 85
42 99
42 46
42 49
42 41
42 5
42 6
42 44
42 3
42 65
42 82
42 15
42 29
42 28
43 1
43 8
43 35
43 22
43 90
43 31
44 91
44 5
44 53
44 13
44 29
44 49
44 100
44 76
44 69
44 15
44 28
44 39
45 81
45 75
45 9
45 46
45 93
46 93
46 14
46 25
46 61
46 96
46 48
47 63
47 38
47 76
47 98
47 54
48 25
48 46
48 28
48 93
48 75
49 15
49 99
49 39
49 14
49 76
50 64
50 94
50 31
50 88
50 100
51 80
51 16
51 59
51 30
51 38
51 62
51 23
52 84
52 20
52 92
52 73
52 48
52 33
53 21
53 65
53 99
53 15
53 76
53 38
53 47
54 13
54 26
54 31
54 71
54 77
54 17
54 94
54 22
54 67
55 84
55 83
55 11
55 88
55 43
55 71
55 54
56 40
56 32
56 52
56 84
56 33
57 94
57 10
57 100
57 97
57 17
57 95
57 54
58 59
58 40
58 99
58 87
58 70
59 74
59 23
59 30
59 80
59 51
59 62
60 77
60 28
60 31
60 100
60 94
60 49
60 54
60 79
60 57
61 66
61 74
61 96
61 11
61 84
61 87
62 68
62 99
62 30
62 13
62 80
62 16
63 72
63 44
63 28
63 13
63 38
63 99
63 92
63 65
64 90
64 31
64 77
64 57
64 79
65 15
65 99
65 29
65 39
65 53
66 34
66 87
66 99
66 61
67 31
67 94
67 22
67 77
67 54
68 21
68 31
68 49
68 62
69 65
69 99
69 27
69 78
69 76
69 70
69 73
70 91
70 13
70 16
70 51
70 87
70 23
71 49
71 99
71 39
71 53
71 11
71 34
71 69
71 38
71 29
71 44
72 63
72 13
72 38
72 99
72 92
72 65
72 77
72 47
72 31
72 54
73 60
73 59
73 51
73 80
73 70
73 23
73 87
74 66
74 96
74 40
74 58
74 41
74 61
74 11
74 56
75 46
75 48
75 28
75 93
75 14
76 71
76 49
76 65
76 53
76 39
77 38
77 60
77 92
77 50
77 100
77 54
77 84
78 62
78 99
78 69
78 76
78 43
79 63
79 44
79 39
79 65
79 53
79 29
79 28
79 5
79 60
80 87
80 13
80 16
80 51
80 73
80 74
80 36
80 70
80 23
80 30
80 79
81 92
81 45
81 95
81 27
82 28
82 84
82 72
82 41
82 63
82 65
83 13
83 30
83 99
83 29
83 86
83 15
83 20
83 53
83 47
84 56
84 87
84 31
84 54
84 67
84 99
84 21
84 43
84 38
84 73
84 11
84 77
85 31
85 10
85 100
85 89
85 19
85 97
85 57
85 54
85 94
86 20
86 99
86 58
86 40
86 52
86 28
86 73
86 82
86 54
86 56
87 99
87 21
87 40
87 53
87 54
87 74
87 84
88 31
88 30
88 57
88 17
88 43
88 90
88 71
88 50
89 10
89 31
89 97
89 100
89 64
89 19
89 57
90 100
90 22
90 64
90 43
90 77
90 17
91 70
91 13
91 80
91 87
92 28
92 77
92 60
92 65
92 79
92 84
93 48
93 93
93 45
93 61
93 75
93 29
93 28
94 10
94 57
94 31
94 100
94 67
94 54
94 77
94 50
94 22
95 95
95 15
95 97
95 94
95 17
95 31
95 54
96 99
96 66
96 74
96 40
96 87
96 36
97 89
97 10
97 100
97 19
97 43
97 31
97 97
98 65
98 73
98 54
98 99
98 76
99 100
99 29
99 86
99 83
99 44
99 62
99 63
99 53
99 49
99 32
99 67
99 77
99 54
100 1
100 3
100 15
100 19
100 22
100 31
100 57
100 94